
0,103.0,141.0,49.0,83.0,180.0,94.0,53.0
1,106.0,142.0,49.0,82.0,180.0,97.0,51.0
2,109.0,142.0,49.0,82.0,180.0,100.0,48.0
3,113.0,144.0,49.0,81.0,180.0,106.0,45.0
4,116.0,145.0,49.0,79.0,180.0,110.0,41.0
5,120.0,147.0,49.0,77.0,180.0,113.0,39.0
6,123.0,149.0,49.0,75.0,180.0,116.0,37.0
7,123.0,150.0,49.0,75.0,180.0,115.0,37.0
8,123.0,151.0,49.0,75.0,180.0,113.0,39.0
9,122.0,153.0,50.0,78.0,180.0,110.0,41.0
10,122.0,154.0,50.0,80.0,180.0,108.0,43.0
11,121.0,155.0,51.0,82.0,180.0,106.0,44.0
12,121.0,155.0,51.0,85.0,180.0,104.0,45.0
13,121.0,155.0,52.0,90.0,180.0,103.0,46.0
14,121.0,156.0,52.0,92.0,180.0,104.0,46.0
15,121.0,156.0,52.0,94.0,180.0,104.0,45.0
16,121.0,158.0,52.0,94.0,180.0,104.0,45.0
17,121.0,158.0,52.0,93.0,180.0,104.0,45.0
18,121.0,158.0,53.0,92.0,180.0,104.0,45.0
19,121.0,159.0,53.0,92.0,180.0,103.0,46.0
20,121.0,160.0,53.0,91.0,180.0,103.0,46.0
21,122.0,160.0,53.0,90.0,180.0,103.0,46.0
22,123.0,160.0,53.0,90.0,180.0,104.0,45.0
23,125.0,162.0,53.0,88.0,180.0,105.0,45.0
24,127.0,163.0,52.0,88.0,180.0,105.0,45.0
25,129.0,165.0,52.0,88.0,180.0,105.0,45.0
26,131.0,167.0,51.0,87.0,180.0,105.0,45.0
27,135.0,169.0,51.0,87.0,180.0,104.0,45.0
28,138.0,171.0,51.0,87.0,180.0,104.0,45.0
29,143.0,170.0,52.0,87.0,180.0,104.0,45.0
30,146.0,168.0,53.0,86.0,180.0,104.0,45.0
31,149.0,165.0,54.0,86.0,180.0,104.0,45.0
32,152.0,162.0,55.0,87.0,180.0,104.0,45.0
33,154.0,160.0,57.0,87.0,180.0,104.0,45.0
34,155.0,158.0,58.0,87.0,180.0,104.0,45.0
35,157.0,157.0,59.0,87.0,180.0,104.0,45.0
36,159.0,155.0,59.0,87.0,180.0,104.0,45.0
37,160.0,152.0,60.0,87.0,180.0,104.0,45.0
38,161.0,151.0,62.0,87.0,180.0,104.0,45.0
39,161.0,147.0,63.0,87.0,180.0,104.0,45.0
40,161.0,144.0,64.0,87.0,180.0,104.0,45.0
41,161.0,141.0,65.0,87.0,180.0,104.0,45.0
42,161.0,138.0,66.0,87.0,180.0,103.0,46.0
43,162.0,136.0,67.0,87.0,180.0,103.0,46.0
44,162.0,134.0,68.0,88.0,180.0,102.0,47.0
45,161.0,132.0,71.0,89.0,180.0,97.0,51.0
46,160.0,131.0,74.0,90.0,180.0,94.0,54.0
47,160.0,132.0,77.0,91.0,176.0,92.0,55.0
48,159.0,133.0,79.0,91.0,171.0,91.0,55.0
49,158.0,131.0,83.0,92.0,165.0,91.0,55.0
50,158.0,130.0,84.0,92.0,162.0,91.0,55.0
51,158.0,128.0,85.0,92.0,163.0,91.0,55.0
52,157.0,125.0,86.0,92.0,165.0,91.0,55.0
53,157.0,122.0,87.0,92.0,168.0,91.0,55.0
54,156.0,118.0,89.0,91.0,172.0,93.0,54.0
55,156.0,113.0,91.0,91.0,177.0,93.0,54.0
56,157.0,110.0,93.0,91.0,180.0,93.0,54.0
57,157.0,109.0,94.0,91.0,180.0,93.0,54.0
58,157.0,108.0,94.0,90.0,180.0,93.0,54.0
59,157.0,106.0,95.0,90.0,180.0,92.0,55.0
60,157.0,104.0,96.0,91.0,180.0,92.0,55.0
61,156.0,103.0,97.0,91.0,180.0,92.0,55.0
62,156.0,103.0,97.0,91.0,179.0,92.0,54.0
63,156.0,102.0,97.0,91.0,179.0,92.0,54.0
64,156.0,102.0,98.0,91.0,179.0,93.0,54.0
65,156.0,100.0,98.0,92.0,179.0,93.0,54.0
66,156.0,99.0,98.0,92.0,179.0,93.0,54.0
67,156.0,99.0,97.0,92.0,180.0,93.0,54.0
68,157.0,99.0,97.0,93.0,180.0,94.0,54.0
69,157.0,99.0,97.0,93.0,180.0,94.0,53.0
70,157.0,98.0,97.0,93.0,180.0,95.0,53.0
71,157.0,99.0,96.0,93.0,180.0,95.0,53.0
72,157.0,99.0,96.0,93.0,180.0,95.0,53.0
73,157.0,99.0,96.0,93.0,180.0,95.0,53.0
74,157.0,98.0,96.0,94.0,180.0,95.0,53.0
75,157.0,98.0,96.0,94.0,180.0,95.0,53.0
76,158.0,98.0,96.0,94.0,180.0,95.0,53.0
77,158.0,98.0,96.0,94.0,180.0,95.0,53.0
78,158.0,97.0,96.0,94.0,180.0,95.0,53.0
79,158.0,98.0,96.0,94.0,180.0,95.0,53.0
80,158.0,97.0,97.0,94.0,180.0,95.0,53.0
81,158.0,97.0,97.0,94.0,180.0,95.0,53.0
82,158.0,97.0,97.0,94.0,180.0,94.0,53.0
83,158.0,97.0,97.0,94.0,180.0,94.0,53.0
84,158.0,97.0,97.0,94.0,180.0,95.0,53.0
85,158.0,97.0,97.0,94.0,180.0,94.0,53.0
86,158.0,97.0,97.0,94.0,180.0,94.0,53.0
87,158.0,97.0,97.0,95.0,180.0,94.0,53.0
88,158.0,97.0,97.0,95.0,180.0,94.0,53.0
89,158.0,97.0,97.0,95.0,180.0,94.0,53.0
90,158.0,97.0,97.0,95.0,180.0,94.0,53.0
91,158.0,96.0,97.0,95.0,180.0,94.0,53.0
92,158.0,95.0,97.0,95.0,180.0,94.0,53.0
93,158.0,95.0,97.0,95.0,180.0,94.0,53.0
94,158.0,95.0,97.0,95.0,180.0,94.0,54.0
95,158.0,95.0,97.0,95.0,180.0,94.0,54.0
96,158.0,95.0,97.0,95.0,180.0,94.0,54.0
97,158.0,94.0,97.0,95.0,180.0,94.0,54.0
98,158.0,94.0,97.0,95.0,180.0,94.0,53.0
99,158.0,94.0,97.0,95.0,180.0,94.0,54.0
100,158.0,94.0,97.0,95.0,180.0,94.0,54.0
101,158.0,94.0,97.0,95.0,180.0,94.0,54.0
102,158.0,94.0,97.0,95.0,180.0,94.0,54.0
103,158.0,94.0,97.0,95.0,180.0,93.0,54.0
104,158.0,93.0,97.0,95.0,180.0,93.0,54.0
105,158.0,93.0,97.0,95.0,180.0,93.0,54.0
106,158.0,93.0,98.0,95.0,180.0,93.0,54.0
107,158.0,93.0,98.0,95.0,180.0,93.0,54.0
108,158.0,93.0,98.0,95.0,180.0,93.0,54.0
109,158.0,93.0,98.0,95.0,180.0,93.0,54.0
110,158.0,93.0,98.0,95.0,180.0,93.0,54.0
111,158.0,93.0,98.0,95.0,180.0,93.0,54.0
112,158.0,93.0,98.0,95.0,180.0,93.0,54.0
113,158.0,93.0,98.0,95.0,180.0,93.0,54.0
114,158.0,93.0,98.0,95.0,180.0,94.0,54.0
115,158.0,93.0,98.0,95.0,180.0,94.0,53.0
116,158.0,93.0,98.0,95.0,180.0,95.0,52.0
117,158.0,93.0,98.0,95.0,180.0,95.0,52.0
118,158.0,93.0,98.0,96.0,180.0,95.0,52.0
119,158.0,93.0,98.0,96.0,177.0,95.0,52.0
120,158.0,93.0,98.0,96.0,176.0,95.0,52.0
121,158.0,93.0,98.0,96.0,177.0,94.0,53.0
122,158.0,93.0,99.0,96.0,179.0,94.0,53.0
123,158.0,93.0,99.0,96.0,180.0,94.0,53.0
124,158.0,93.0,99.0,96.0,180.0,95.0,52.0
125,158.0,93.0,99.0,96.0,180.0,95.0,53.0
126,158.0,93.0,99.0,96.0,180.0,95.0,53.0
127,158.0,93.0,99.0,96.0,180.0,95.0,53.0
128,158.0,93.0,99.0,96.0,180.0,94.0,53.0
129,158.0,93.0,99.0,96.0,180.0,94.0,53.0
130,158.0,93.0,99.0,96.0,180.0,94.0,53.0
131,158.0,93.0,99.0,96.0,180.0,95.0,53.0
132,158.0,93.0,99.0,96.0,180.0,94.0,53.0
133,158.0,92.0,99.0,96.0,180.0,94.0,53.0
134,158.0,92.0,99.0,96.0,180.0,95.0,53.0
135,158.0,92.0,99.0,96.0,180.0,95.0,53.0
136,158.0,91.0,99.0,96.0,180.0,95.0,53.0
137,158.0,91.0,99.0,97.0,180.0,95.0,53.0
138,158.0,90.0,99.0,97.0,180.0,94.0,53.0
139,158.0,90.0,100.0,97.0,180.0,95.0,53.0
140,158.0,90.0,100.0,97.0,180.0,95.0,53.0
141,158.0,90.0,100.0,97.0,180.0,95.0,53.0
142,158.0,90.0,100.0,97.0,180.0,95.0,53.0
143,158.0,90.0,100.0,97.0,180.0,94.0,53.0
144,158.0,90.0,100.0,97.0,180.0,94.0,53.0
145,158.0,90.0,100.0,97.0,180.0,94.0,53.0
146,158.0,90.0,100.0,97.0,180.0,94.0,53.0
147,158.0,90.0,100.0,97.0,180.0,94.0,53.0
148,158.0,90.0,100.0,97.0,180.0,94.0,53.0
149,158.0,90.0,100.0,97.0,180.0,94.0,53.0
150,158.0,90.0,100.0,97.0,180.0,94.0,53.0
151,158.0,89.0,100.0,97.0,180.0,94.0,53.0
152,158.0,88.0,100.0,97.0,180.0,94.0,53.0
153,158.0,88.0,100.0,97.0,180.0,94.0,53.0
154,158.0,88.0,100.0,97.0,179.0,94.0,53.0
155,158.0,88.0,100.0,97.0,179.0,94.0,53.0
156,158.0,88.0,100.0,97.0,178.0,94.0,53.0
157,158.0,88.0,100.0,98.0,177.0,94.0,53.0
158,158.0,88.0,100.0,98.0,177.0,94.0,53.0
159,158.0,88.0,100.0,98.0,176.0,94.0,53.0
160,158.0,88.0,101.0,98.0,176.0,94.0,53.0
161,158.0,88.0,101.0,98.0,177.0,94.0,53.0
162,158.0,87.0,101.0,98.0,177.0,94.0,53.0
163,158.0,87.0,101.0,98.0,178.0,94.0,54.0
164,158.0,87.0,101.0,98.0,178.0,94.0,54.0
165,158.0,87.0,101.0,98.0,178.0,94.0,54.0
166,158.0,87.0,101.0,98.0,178.0,94.0,54.0
167,158.0,87.0,101.0,98.0,178.0,93.0,54.0
168,158.0,87.0,101.0,98.0,178.0,93.0,54.0
169,158.0,86.0,101.0,98.0,178.0,93.0,54.0
170,158.0,86.0,101.0,98.0,178.0,93.0,54.0
171,158.0,86.0,102.0,98.0,178.0,93.0,54.0
172,158.0,86.0,102.0,98.0,179.0,93.0,54.0
173,158.0,86.0,102.0,98.0,179.0,93.0,54.0
174,158.0,86.0,102.0,98.0,179.0,93.0,54.0
175,158.0,86.0,102.0,98.0,179.0,93.0,54.0
176,158.0,86.0,102.0,98.0,179.0,93.0,54.0
177,158.0,86.0,102.0,98.0,179.0,93.0,54.0
178,158.0,86.0,102.0,98.0,179.0,93.0,54.0
179,158.0,86.0,102.0,98.0,179.0,93.0,54.0
180,158.0,86.0,102.0,98.0,179.0,93.0,54.0
181,158.0,86.0,102.0,98.0,179.0,93.0,54.0
182,158.0,86.0,102.0,98.0,177.0,93.0,54.0
183,158.0,86.0,102.0,98.0,177.0,93.0,54.0
184,158.0,86.0,102.0,98.0,178.0,93.0,54.0
185,158.0,85.0,102.0,98.0,178.0,94.0,54.0
186,158.0,85.0,102.0,98.0,177.0,94.0,54.0
187,158.0,85.0,102.0,98.0,177.0,94.0,54.0
188,158.0,84.0,102.0,98.0,178.0,94.0,54.0
189,158.0,84.0,102.0,98.0,179.0,94.0,54.0
190,158.0,84.0,102.0,98.0,179.0,94.0,54.0
191,158.0,86.0,101.0,98.0,179.0,93.0,54.0
192,159.0,87.0,101.0,98.0,180.0,93.0,54.0
193,159.0,89.0,101.0,98.0,180.0,93.0,54.0
194,159.0,90.0,101.0,98.0,180.0,94.0,54.0
195,159.0,93.0,100.0,98.0,180.0,94.0,54.0
196,159.0,94.0,100.0,98.0,180.0,94.0,53.0
197,159.0,97.0,100.0,98.0,180.0,94.0,53.0
198,160.0,98.0,99.0,97.0,180.0,94.0,53.0
199,160.0,100.0,99.0,97.0,180.0,94.0,53.0
200,160.0,100.0,99.0,97.0,180.0,94.0,53.0
201,160.0,102.0,99.0,98.0,180.0,94.0,53.0
202,160.0,102.0,99.0,98.0,180.0,94.0,54.0
203,160.0,100.0,99.0,98.0,180.0,93.0,54.0
204,160.0,100.0,99.0,98.0,180.0,93.0,54.0
205,160.0,100.0,99.0,98.0,180.0,93.0,54.0
206,160.0,100.0,99.0,98.0,180.0,93.0,54.0
207,160.0,101.0,99.0,98.0,180.0,93.0,54.0
208,160.0,101.0,99.0,98.0,180.0,93.0,54.0
209,160.0,102.0,99.0,98.0,180.0,92.0,54.0
210,160.0,103.0,98.0,98.0,180.0,92.0,55.0
211,160.0,104.0,98.0,98.0,180.0,92.0,55.0
212,161.0,106.0,98.0,98.0,180.0,92.0,55.0
213,161.0,108.0,97.0,99.0,180.0,91.0,56.0
214,161.0,109.0,97.0,99.0,180.0,90.0,57.0
215,161.0,109.0,96.0,100.0,178.0,89.0,57.0
216,161.0,110.0,96.0,100.0,177.0,88.0,57.0
217,161.0,110.0,96.0,100.0,177.0,89.0,57.0
218,161.0,110.0,96.0,100.0,177.0,89.0,57.0
219,161.0,110.0,96.0,100.0,176.0,89.0,57.0
220,161.0,110.0,96.0,100.0,176.0,90.0,57.0
221,161.0,110.0,96.0,99.0,176.0,90.0,57.0
222,161.0,110.0,96.0,99.0,176.0,90.0,56.0
223,161.0,111.0,96.0,99.0,176.0,90.0,56.0
224,161.0,111.0,96.0,99.0,176.0,90.0,56.0
225,161.0,111.0,96.0,99.0,176.0,90.0,56.0
226,161.0,111.0,96.0,99.0,176.0,90.0,56.0
227,161.0,111.0,96.0,100.0,176.0,90.0,56.0
228,161.0,111.0,96.0,100.0,176.0,90.0,56.0
229,161.0,110.0,96.0,99.0,176.0,90.0,56.0
230,161.0,110.0,96.0,99.0,176.0,90.0,56.0
231,161.0,110.0,96.0,99.0,177.0,90.0,56.0
232,161.0,110.0,96.0,99.0,177.0,90.0,56.0
233,161.0,110.0,96.0,99.0,177.0,90.0,56.0
234,161.0,110.0,96.0,99.0,177.0,90.0,56.0
235,161.0,110.0,96.0,99.0,177.0,90.0,56.0
236,161.0,110.0,96.0,99.0,177.0,90.0,56.0
237,161.0,110.0,96.0,99.0,177.0,90.0,56.0
238,161.0,110.0,96.0,99.0,177.0,90.0,56.0
239,161.0,110.0,96.0,99.0,177.0,90.0,56.0
240,161.0,110.0,96.0,99.0,178.0,90.0,56.0
241,161.0,110.0,96.0,99.0,178.0,90.0,56.0
242,161.0,110.0,97.0,99.0,178.0,90.0,56.0
243,161.0,110.0,97.0,99.0,179.0,90.0,56.0
244,161.0,110.0,97.0,99.0,179.0,90.0,56.0
245,161.0,110.0,97.0,98.0,180.0,90.0,56.0
246,161.0,110.0,97.0,98.0,180.0,90.0,56.0
247,161.0,110.0,97.0,98.0,180.0,90.0,56.0
248,161.0,110.0,97.0,98.0,180.0,90.0,56.0
249,161.0,110.0,97.0,98.0,180.0,90.0,56.0
250,161.0,110.0,97.0,98.0,180.0,90.0,56.0
251,161.0,110.0,97.0,98.0,180.0,90.0,56.0
252,161.0,110.0,97.0,98.0,179.0,90.0,56.0
253,161.0,110.0,97.0,98.0,179.0,90.0,56.0
254,161.0,110.0,97.0,98.0,179.0,90.0,56.0
255,161.0,110.0,97.0,98.0,179.0,90.0,56.0
256,161.0,110.0,97.0,98.0,178.0,90.0,56.0
257,161.0,110.0,97.0,98.0,178.0,90.0,56.0
258,161.0,110.0,97.0,98.0,178.0,90.0,56.0
259,161.0,110.0,97.0,98.0,178.0,90.0,56.0
260,161.0,110.0,97.0,98.0,178.0,90.0,56.0
261,161.0,110.0,97.0,98.0,178.0,90.0,56.0
262,161.0,110.0,97.0,98.0,178.0,90.0,56.0
263,161.0,110.0,97.0,98.0,178.0,90.0,56.0
264,161.0,110.0,97.0,98.0,178.0,90.0,56.0
265,161.0,110.0,97.0,98.0,178.0,90.0,56.0
266,161.0,110.0,97.0,98.0,178.0,90.0,56.0
267,161.0,110.0,97.0,98.0,178.0,90.0,56.0
268,161.0,110.0,97.0,98.0,178.0,90.0,56.0
269,161.0,110.0,97.0,98.0,178.0,90.0,56.0
270,161.0,110.0,97.0,98.0,179.0,90.0,56.0
271,161.0,110.0,97.0,98.0,179.0,90.0,56.0
272,161.0,110.0,97.0,98.0,179.0,90.0,56.0
273,161.0,110.0,97.0,98.0,179.0,90.0,56.0
274,161.0,110.0,97.0,98.0,179.0,90.0,56.0
275,161.0,110.0,97.0,98.0,178.0,90.0,56.0
276,161.0,110.0,97.0,98.0,178.0,90.0,56.0
277,161.0,109.0,97.0,98.0,178.0,90.0,56.0
278,161.0,109.0,97.0,98.0,178.0,90.0,56.0
279,161.0,109.0,97.0,98.0,179.0,90.0,56.0
280,161.0,109.0,97.0,98.0,179.0,90.0,56.0
281,161.0,109.0,97.0,98.0,178.0,90.0,56.0
282,161.0,109.0,97.0,98.0,178.0,90.0,56.0
283,161.0,109.0,97.0,98.0,178.0,90.0,56.0
284,161.0,109.0,97.0,98.0,178.0,90.0,56.0
285,161.0,109.0,97.0,98.0,178.0,90.0,56.0
286,161.0,109.0,97.0,98.0,178.0,90.0,56.0
287,161.0,109.0,97.0,98.0,178.0,90.0,56.0
288,161.0,109.0,97.0,98.0,178.0,90.0,56.0
289,161.0,109.0,97.0,98.0,178.0,90.0,56.0
290,161.0,109.0,97.0,98.0,178.0,90.0,56.0
291,161.0,109.0,97.0,98.0,178.0,90.0,56.0
292,162.0,109.0,97.0,98.0,179.0,90.0,57.0
293,162.0,109.0,97.0,98.0,179.0,90.0,57.0
294,162.0,109.0,97.0,98.0,179.0,90.0,57.0
295,162.0,109.0,97.0,98.0,178.0,90.0,57.0
296,162.0,109.0,97.0,98.0,178.0,90.0,56.0
297,162.0,108.0,97.0,98.0,179.0,90.0,56.0
298,162.0,108.0,97.0,98.0,179.0,90.0,56.0
299,162.0,108.0,97.0,98.0,178.0,90.0,56.0
300,162.0,108.0,97.0,98.0,179.0,90.0,56.0
301,162.0,108.0,96.0,98.0,179.0,90.0,57.0
302,162.0,108.0,96.0,98.0,179.0,90.0,57.0
303,162.0,108.0,97.0,98.0,179.0,89.0,57.0
304,162.0,108.0,97.0,98.0,179.0,89.0,57.0
305,162.0,108.0,97.0,98.0,179.0,89.0,57.0
306,162.0,108.0,97.0,98.0,179.0,89.0,57.0
307,162.0,108.0,97.0,98.0,179.0,89.0,57.0
308,162.0,108.0,97.0,98.0,179.0,89.0,57.0
309,162.0,108.0,97.0,98.0,179.0,89.0,57.0
310,162.0,108.0,97.0,98.0,179.0,89.0,57.0
311,162.0,108.0,97.0,98.0,179.0,89.0,57.0
312,162.0,108.0,97.0,98.0,179.0,89.0,57.0
313,162.0,108.0,97.0,98.0,179.0,89.0,57.0
314,162.0,108.0,97.0,98.0,179.0,89.0,57.0
315,162.0,108.0,97.0,98.0,179.0,89.0,57.0
316,162.0,108.0,97.0,98.0,179.0,89.0,57.0
317,162.0,108.0,97.0,98.0,179.0,89.0,57.0
318,162.0,108.0,97.0,98.0,179.0,89.0,57.0
319,162.0,108.0,97.0,98.0,178.0,89.0,57.0
320,162.0,108.0,97.0,98.0,178.0,89.0,57.0
321,162.0,108.0,97.0,98.0,178.0,89.0,57.0
322,162.0,108.0,97.0,98.0,178.0,89.0,57.0
323,162.0,108.0,97.0,98.0,178.0,89.0,57.0
324,162.0,108.0,97.0,98.0,178.0,89.0,57.0
325,162.0,108.0,97.0,98.0,179.0,89.0,57.0
326,162.0,108.0,97.0,98.0,179.0,89.0,57.0
327,162.0,108.0,97.0,98.0,178.0,89.0,57.0
328,162.0,108.0,97.0,98.0,178.0,89.0,57.0
329,162.0,108.0,97.0,98.0,178.0,89.0,57.0
330,162.0,108.0,97.0,98.0,178.0,89.0,57.0
331,162.0,108.0,97.0,98.0,178.0,89.0,57.0
332,162.0,108.0,97.0,98.0,178.0,89.0,57.0
333,162.0,108.0,96.0,98.0,178.0,89.0,57.0
334,162.0,108.0,96.0,98.0,178.0,89.0,57.0
335,162.0,108.0,96.0,98.0,178.0,89.0,57.0
336,162.0,108.0,96.0,98.0,178.0,89.0,57.0
337,162.0,108.0,96.0,98.0,178.0,89.0,57.0
338,162.0,108.0,96.0,98.0,177.0,88.0,58.0
339,162.0,108.0,96.0,98.0,177.0,88.0,58.0
340,162.0,107.0,97.0,99.0,176.0,88.0,58.0
341,162.0,107.0,97.0,98.0,173.0,88.0,58.0
342,162.0,108.0,98.0,98.0,172.0,88.0,58.0
343,162.0,108.0,98.0,98.0,172.0,88.0,57.0
344,162.0,109.0,99.0,98.0,172.0,89.0,57.0
345,162.0,109.0,99.0,98.0,172.0,89.0,57.0
346,162.0,109.0,100.0,98.0,172.0,89.0,57.0
347,162.0,110.0,101.0,98.0,172.0,89.0,57.0
348,162.0,110.0,101.0,98.0,172.0,89.0,57.0
349,162.0,110.0,102.0,98.0,172.0,89.0,57.0
350,162.0,111.0,103.0,98.0,172.0,89.0,57.0
351,162.0,111.0,103.0,98.0,172.0,89.0,57.0
352,162.0,111.0,103.0,98.0,172.0,88.0,57.0
353,162.0,111.0,104.0,99.0,170.0,88.0,58.0
354,162.0,111.0,104.0,99.0,169.0,88.0,58.0
355,162.0,111.0,104.0,99.0,168.0,88.0,58.0
356,162.0,112.0,105.0,99.0,167.0,88.0,58.0
357,162.0,112.0,105.0,99.0,166.0,88.0,58.0
358,162.0,113.0,105.0,99.0,164.0,88.0,58.0
359,162.0,113.0,106.0,99.0,163.0,88.0,58.0
360,162.0,113.0,106.0,99.0,162.0,88.0,58.0
361,162.0,113.0,107.0,99.0,160.0,88.0,58.0
362,162.0,113.0,108.0,99.0,158.0,88.0,58.0
363,162.0,114.0,108.0,99.0,157.0,88.0,58.0
364,162.0,114.0,108.0,99.0,156.0,88.0,58.0
365,162.0,114.0,108.0,99.0,155.0,88.0,58.0
366,162.0,115.0,109.0,99.0,155.0,88.0,58.0
367,162.0,115.0,109.0,99.0,154.0,88.0,58.0
368,162.0,115.0,109.0,99.0,153.0,88.0,58.0
369,162.0,115.0,109.0,99.0,153.0,88.0,58.0
370,162.0,116.0,109.0,99.0,151.0,87.0,58.0
371,162.0,116.0,109.0,99.0,150.0,87.0,59.0
372,162.0,116.0,110.0,99.0,149.0,87.0,59.0
373,162.0,117.0,110.0,99.0,149.0,87.0,59.0
374,162.0,117.0,110.0,99.0,147.0,87.0,59.0
375,162.0,117.0,110.0,99.0,146.0,87.0,59.0
376,162.0,118.0,110.0,99.0,146.0,87.0,59.0
377,162.0,118.0,110.0,99.0,145.0,87.0,59.0
378,162.0,119.0,110.0,99.0,144.0,87.0,59.0
379,162.0,119.0,110.0,99.0,144.0,87.0,59.0
380,162.0,119.0,110.0,99.0,143.0,87.0,59.0
381,162.0,119.0,110.0,99.0,143.0,86.0,59.0
382,162.0,119.0,110.0,99.0,143.0,86.0,59.0
383,162.0,119.0,110.0,99.0,143.0,86.0,59.0
384,162.0,119.0,110.0,99.0,143.0,86.0,59.0
385,162.0,119.0,110.0,99.0,143.0,86.0,59.0
386,162.0,119.0,110.0,99.0,143.0,86.0,59.0
387,162.0,119.0,110.0,99.0,143.0,86.0,59.0
388,162.0,119.0,110.0,99.0,143.0,86.0,59.0
389,162.0,119.0,110.0,99.0,143.0,86.0,59.0
390,162.0,119.0,110.0,99.0,143.0,86.0,59.0
391,162.0,119.0,110.0,99.0,143.0,86.0,59.0
392,162.0,119.0,110.0,99.0,143.0,86.0,59.0
393,162.0,119.0,110.0,99.0,143.0,86.0,59.0
394,162.0,119.0,110.0,99.0,143.0,86.0,59.0
395,162.0,119.0,110.0,99.0,143.0,86.0,59.0
396,162.0,119.0,110.0,99.0,143.0,86.0,59.0
397,162.0,119.0,110.0,99.0,143.0,86.0,59.0
398,162.0,119.0,110.0,99.0,143.0,86.0,59.0
399,162.0,119.0,110.0,99.0,143.0,86.0,59.0
400,162.0,119.0,110.0,99.0,143.0,86.0,59.0
401,162.0,119.0,110.0,99.0,143.0,86.0,59.0
402,162.0,119.0,110.0,99.0,143.0,86.0,59.0
403,162.0,119.0,110.0,99.0,143.0,86.0,59.0
404,162.0,119.0,110.0,99.0,143.0,86.0,59.0
405,162.0,119.0,110.0,99.0,143.0,86.0,59.0
406,162.0,119.0,110.0,99.0,143.0,86.0,59.0
407,162.0,119.0,110.0,99.0,143.0,86.0,59.0
408,162.0,119.0,110.0,99.0,143.0,86.0,59.0
409,162.0,119.0,110.0,99.0,143.0,86.0,59.0
410,162.0,119.0,110.0,99.0,143.0,86.0,59.0
411,162.0,119.0,110.0,99.0,143.0,86.0,59.0
412,162.0,119.0,110.0,99.0,143.0,86.0,59.0
413,162.0,119.0,110.0,99.0,143.0,86.0,59.0
414,162.0,119.0,110.0,99.0,143.0,86.0,59.0
415,162.0,119.0,110.0,99.0,143.0,86.0,59.0
416,162.0,119.0,110.0,99.0,143.0,86.0,59.0
417,162.0,119.0,110.0,99.0,143.0,86.0,59.0
418,162.0,119.0,110.0,99.0,143.0,86.0,59.0
419,162.0,119.0,110.0,99.0,143.0,86.0,59.0
420,162.0,119.0,110.0,99.0,143.0,86.0,59.0
421,162.0,119.0,110.0,99.0,143.0,86.0,59.0
422,162.0,119.0,110.0,99.0,143.0,86.0,59.0
423,162.0,119.0,110.0,99.0,143.0,86.0,59.0
424,162.0,119.0,110.0,99.0,143.0,86.0,59.0
425,162.0,119.0,110.0,99.0,143.0,86.0,59.0
426,162.0,119.0,110.0,99.0,143.0,86.0,59.0
427,162.0,119.0,110.0,99.0,143.0,86.0,59.0
428,162.0,119.0,110.0,99.0,143.0,86.0,59.0
429,162.0,119.0,110.0,99.0,143.0,86.0,59.0
430,162.0,119.0,110.0,98.0,143.0,86.0,59.0
431,162.0,119.0,109.0,99.0,143.0,87.0,59.0
432,161.0,117.0,107.0,102.0,143.0,88.0,58.0
433,161.0,117.0,105.0,103.0,144.0,89.0,57.0
434,160.0,115.0,102.0,103.0,150.0,90.0,57.0
435,160.0,113.0,100.0,102.0,161.0,91.0,56.0
436,159.0,111.0,97.0,101.0,170.0,91.0,55.0
437,158.0,110.0,96.0,100.0,179.0,93.0,54.0
438,158.0,108.0,95.0,98.0,180.0,93.0,54.0
439,158.0,108.0,95.0,98.0,180.0,93.0,54.0
440,158.0,107.0,95.0,99.0,180.0,94.0,54.0
441,158.0,107.0,95.0,99.0,180.0,94.0,54.0
442,158.0,106.0,96.0,98.0,180.0,94.0,53.0
443,158.0,105.0,96.0,98.0,180.0,95.0,53.0
444,158.0,104.0,97.0,98.0,180.0,95.0,52.0
445,158.0,103.0,98.0,97.0,180.0,97.0,51.0
446,158.0,102.0,99.0,97.0,179.0,99.0,49.0
447,157.0,100.0,100.0,97.0,177.0,100.0,48.0
448,158.0,99.0,102.0,96.0,176.0,101.0,48.0
449,158.0,97.0,104.0,95.0,173.0,99.0,49.0
450,158.0,94.0,106.0,94.0,173.0,98.0,50.0
451,157.0,93.0,107.0,95.0,174.0,97.0,51.0
452,156.0,92.0,107.0,96.0,175.0,96.0,52.0
453,156.0,90.0,106.0,96.0,175.0,95.0,52.0
454,156.0,90.0,106.0,96.0,176.0,95.0,53.0
455,156.0,90.0,106.0,96.0,178.0,94.0,53.0
456,156.0,90.0,105.0,96.0,180.0,94.0,53.0
457,156.0,90.0,104.0,97.0,180.0,93.0,54.0
458,157.0,90.0,104.0,97.0,180.0,93.0,54.0
459,158.0,90.0,104.0,96.0,180.0,94.0,54.0
460,158.0,90.0,104.0,95.0,180.0,95.0,53.0
461,158.0,90.0,104.0,96.0,180.0,95.0,52.0
462,158.0,91.0,104.0,96.0,180.0,94.0,53.0
463,158.0,92.0,104.0,95.0,176.0,93.0,54.0
464,159.0,93.0,104.0,95.0,172.0,93.0,54.0
465,159.0,94.0,105.0,96.0,169.0,93.0,54.0
466,159.0,95.0,105.0,96.0,168.0,93.0,54.0
467,159.0,97.0,105.0,96.0,168.0,93.0,54.0
468,159.0,97.0,105.0,95.0,168.0,92.0,54.0
469,159.0,97.0,105.0,95.0,168.0,92.0,55.0
470,159.0,97.0,105.0,95.0,169.0,92.0,55.0
471,159.0,97.0,105.0,95.0,171.0,92.0,55.0
472,159.0,95.0,105.0,95.0,172.0,92.0,55.0
473,159.0,95.0,105.0,95.0,174.0,92.0,55.0
474,159.0,94.0,105.0,95.0,174.0,92.0,55.0
475,159.0,94.0,105.0,95.0,175.0,92.0,55.0
476,159.0,93.0,105.0,95.0,176.0,92.0,55.0
477,159.0,93.0,106.0,95.0,176.0,92.0,55.0
478,159.0,92.0,106.0,95.0,176.0,92.0,55.0
479,159.0,91.0,106.0,95.0,176.0,92.0,55.0
480,159.0,91.0,106.0,95.0,176.0,92.0,55.0
481,159.0,90.0,106.0,95.0,176.0,92.0,55.0
482,159.0,90.0,107.0,95.0,176.0,92.0,55.0
483,159.0,90.0,107.0,95.0,176.0,92.0,55.0
484,159.0,89.0,107.0,95.0,176.0,91.0,55.0
485,159.0,88.0,108.0,95.0,176.0,91.0,55.0
486,159.0,88.0,108.0,95.0,176.0,91.0,56.0
487,159.0,87.0,108.0,94.0,176.0,91.0,56.0
488,159.0,86.0,108.0,94.0,176.0,90.0,56.0
489,159.0,86.0,109.0,94.0,177.0,90.0,56.0
490,159.0,85.0,109.0,94.0,177.0,90.0,56.0
491,159.0,84.0,109.0,94.0,178.0,90.0,56.0
492,159.0,84.0,109.0,94.0,178.0,90.0,56.0
493,159.0,83.0,109.0,94.0,178.0,90.0,56.0
494,159.0,83.0,109.0,94.0,178.0,90.0,56.0
495,159.0,82.0,109.0,94.0,178.0,90.0,56.0
496,159.0,82.0,110.0,94.0,178.0,90.0,56.0
497,159.0,82.0,110.0,94.0,178.0,90.0,56.0
498,159.0,82.0,110.0,94.0,178.0,90.0,57.0
499,159.0,82.0,110.0,94.0,178.0,90.0,57.0
500,159.0,82.0,110.0,94.0,178.0,90.0,57.0
501,159.0,82.0,110.0,94.0,178.0,90.0,57.0
502,159.0,81.0,110.0,93.0,178.0,89.0,57.0
503,159.0,80.0,110.0,93.0,179.0,90.0,57.0
504,159.0,80.0,110.0,93.0,179.0,89.0,57.0
505,159.0,80.0,110.0,93.0,179.0,89.0,57.0
506,159.0,79.0,110.0,93.0,179.0,89.0,57.0
507,159.0,79.0,110.0,93.0,179.0,89.0,57.0
508,159.0,79.0,110.0,93.0,179.0,89.0,57.0
509,159.0,78.0,110.0,93.0,178.0,89.0,57.0
510,159.0,78.0,110.0,93.0,178.0,89.0,57.0
511,159.0,78.0,110.0,93.0,178.0,89.0,57.0
512,159.0,77.0,110.0,93.0,178.0,89.0,57.0
513,159.0,77.0,110.0,93.0,178.0,89.0,57.0
514,159.0,77.0,110.0,93.0,178.0,89.0,57.0
515,159.0,77.0,110.0,93.0,178.0,89.0,57.0
516,159.0,77.0,110.0,93.0,178.0,88.0,57.0
517,160.0,77.0,110.0,93.0,178.0,88.0,57.0
518,160.0,77.0,110.0,92.0,178.0,88.0,57.0
519,160.0,77.0,110.0,92.0,178.0,88.0,57.0
520,160.0,77.0,110.0,92.0,178.0,88.0,57.0
521,160.0,77.0,110.0,92.0,178.0,88.0,57.0
522,160.0,77.0,110.0,92.0,178.0,88.0,57.0
523,160.0,77.0,110.0,92.0,178.0,88.0,57.0
524,160.0,77.0,110.0,92.0,178.0,88.0,58.0
525,160.0,77.0,110.0,92.0,178.0,88.0,58.0
526,160.0,77.0,110.0,92.0,179.0,88.0,58.0
527,160.0,77.0,110.0,92.0,179.0,88.0,58.0
528,160.0,77.0,110.0,92.0,179.0,88.0,58.0
529,160.0,77.0,110.0,93.0,179.0,87.0,59.0
530,160.0,77.0,110.0,93.0,180.0,87.0,58.0
531,160.0,78.0,109.0,93.0,180.0,87.0,59.0
532,160.0,79.0,109.0,93.0,180.0,87.0,59.0
533,160.0,79.0,109.0,93.0,180.0,87.0,59.0
534,160.0,80.0,108.0,93.0,180.0,87.0,59.0
535,159.0,82.0,108.0,93.0,180.0,87.0,58.0
536,159.0,82.0,108.0,93.0,180.0,87.0,59.0
537,159.0,84.0,108.0,93.0,180.0,87.0,59.0
538,159.0,85.0,108.0,93.0,178.0,87.0,59.0
539,159.0,86.0,109.0,93.0,177.0,87.0,58.0
540,159.0,86.0,109.0,93.0,177.0,88.0,58.0
541,159.0,86.0,109.0,93.0,176.0,88.0,58.0
542,159.0,87.0,109.0,93.0,176.0,88.0,58.0
543,159.0,88.0,109.0,93.0,176.0,88.0,58.0
544,159.0,88.0,109.0,93.0,175.0,88.0,58.0
545,159.0,87.0,109.0,93.0,174.0,88.0,58.0
546,159.0,87.0,109.0,93.0,175.0,88.0,58.0
547,159.0,86.0,109.0,93.0,176.0,88.0,57.0
548,159.0,86.0,109.0,93.0,176.0,88.0,58.0
549,159.0,86.0,109.0,93.0,177.0,88.0,58.0
550,159.0,85.0,109.0,92.0,178.0,88.0,58.0
551,159.0,84.0,109.0,92.0,179.0,88.0,58.0
552,159.0,83.0,109.0,92.0,179.0,88.0,58.0
553,159.0,82.0,109.0,92.0,179.0,87.0,58.0
554,159.0,82.0,109.0,93.0,177.0,87.0,59.0
555,159.0,82.0,109.0,93.0,176.0,87.0,59.0
556,159.0,80.0,110.0,93.0,175.0,87.0,59.0
557,159.0,80.0,110.0,93.0,174.0,87.0,59.0
558,159.0,80.0,110.0,94.0,174.0,87.0,59.0
559,159.0,80.0,110.0,94.0,174.0,87.0,59.0
560,159.0,80.0,110.0,94.0,174.0,87.0,59.0
561,159.0,79.0,110.0,94.0,174.0,87.0,59.0
562,159.0,79.0,110.0,94.0,174.0,87.0,59.0
563,159.0,79.0,110.0,94.0,174.0,87.0,59.0
564,159.0,79.0,110.0,94.0,174.0,86.0,59.0
565,159.0,79.0,110.0,94.0,174.0,86.0,59.0
566,159.0,78.0,110.0,93.0,174.0,86.0,59.0
567,159.0,78.0,110.0,93.0,175.0,86.0,59.0
568,159.0,77.0,110.0,93.0,175.0,86.0,59.0
569,159.0,77.0,110.0,93.0,176.0,86.0,59.0
570,159.0,77.0,110.0,93.0,177.0,86.0,59.0
571,159.0,77.0,110.0,92.0,179.0,86.0,59.0
572,160.0,77.0,109.0,92.0,179.0,86.0,59.0
573,160.0,77.0,109.0,93.0,180.0,86.0,59.0
574,160.0,78.0,108.0,93.0,180.0,86.0,59.0
575,160.0,79.0,107.0,92.0,180.0,86.0,59.0
576,160.0,80.0,106.0,91.0,180.0,86.0,59.0
577,160.0,81.0,106.0,91.0,180.0,86.0,59.0
578,159.0,82.0,106.0,91.0,180.0,86.0,59.0
579,159.0,83.0,106.0,91.0,180.0,86.0,59.0
580,159.0,84.0,107.0,92.0,180.0,86.0,59.0
581,159.0,84.0,107.0,92.0,180.0,86.0,59.0
582,159.0,86.0,108.0,92.0,180.0,87.0,59.0
583,159.0,86.0,108.0,92.0,180.0,87.0,59.0
584,159.0,86.0,108.0,92.0,179.0,87.0,59.0
585,159.0,86.0,108.0,93.0,178.0,87.0,58.0
586,159.0,86.0,108.0,93.0,178.0,87.0,58.0
587,159.0,87.0,108.0,93.0,178.0,88.0,58.0
588,159.0,87.0,108.0,93.0,178.0,88.0,58.0
589,159.0,87.0,108.0,93.0,178.0,87.0,58.0
590,159.0,87.0,108.0,93.0,178.0,87.0,58.0
591,159.0,87.0,109.0,93.0,178.0,87.0,58.0
592,159.0,87.0,109.0,93.0,178.0,87.0,58.0
593,159.0,87.0,109.0,93.0,178.0,88.0,58.0
594,159.0,87.0,109.0,93.0,178.0,88.0,58.0
595,159.0,86.0,109.0,93.0,178.0,88.0,58.0
596,159.0,86.0,109.0,93.0,178.0,88.0,58.0
597,159.0,86.0,109.0,93.0,178.0,87.0,58.0
598,159.0,86.0,109.0,93.0,178.0,87.0,58.0
599,159.0,86.0,109.0,93.0,178.0,87.0,58.0
600,159.0,86.0,109.0,93.0,178.0,87.0,58.0
601,159.0,86.0,109.0,93.0,178.0,87.0,58.0
602,159.0,86.0,109.0,93.0,178.0,88.0,58.0
603,159.0,86.0,109.0,93.0,178.0,88.0,58.0
604,159.0,86.0,109.0,93.0,177.0,88.0,58.0
605,159.0,86.0,110.0,93.0,177.0,87.0,58.0
606,159.0,86.0,110.0,93.0,177.0,87.0,58.0
607,159.0,86.0,110.0,93.0,177.0,87.0,58.0
608,159.0,86.0,110.0,93.0,177.0,87.0,58.0
609,159.0,87.0,110.0,93.0,177.0,87.0,58.0
610,159.0,87.0,110.0,93.0,177.0,87.0,58.0
611,159.0,86.0,110.0,93.0,177.0,87.0,58.0
612,159.0,86.0,110.0,93.0,177.0,87.0,58.0
613,159.0,86.0,110.0,93.0,177.0,87.0,58.0
614,159.0,86.0,110.0,93.0,177.0,87.0,58.0
615,159.0,86.0,110.0,93.0,176.0,87.0,59.0
616,159.0,86.0,110.0,93.0,174.0,87.0,58.0
617,159.0,86.0,110.0,93.0,172.0,87.0,58.0
618,159.0,86.0,110.0,93.0,172.0,87.0,58.0
619,159.0,86.0,110.0,93.0,172.0,88.0,58.0
620,159.0,86.0,110.0,93.0,172.0,87.0,58.0
621,159.0,86.0,110.0,93.0,173.0,88.0,58.0
622,159.0,86.0,110.0,93.0,174.0,88.0,58.0
623,159.0,86.0,110.0,93.0,174.0,88.0,58.0
624,159.0,86.0,110.0,93.0,174.0,88.0,58.0
625,159.0,86.0,110.0,93.0,176.0,88.0,58.0
626,159.0,86.0,110.0,92.0,179.0,88.0,58.0
627,159.0,86.0,110.0,92.0,179.0,88.0,58.0
628,159.0,85.0,110.0,92.0,179.0,88.0,58.0
629,159.0,84.0,110.0,92.0,180.0,87.0,59.0
630,159.0,83.0,110.0,92.0,180.0,87.0,59.0
631,159.0,83.0,110.0,92.0,180.0,87.0,59.0
632,159.0,83.0,110.0,92.0,180.0,87.0,59.0
633,159.0,83.0,110.0,92.0,180.0,87.0,59.0
634,159.0,83.0,110.0,92.0,180.0,87.0,59.0
635,159.0,83.0,110.0,92.0,180.0,87.0,59.0
636,159.0,83.0,110.0,92.0,180.0,87.0,59.0
637,159.0,83.0,110.0,92.0,180.0,87.0,59.0
638,159.0,83.0,110.0,92.0,180.0,87.0,59.0
639,159.0,83.0,110.0,92.0,180.0,87.0,59.0
640,159.0,83.0,110.0,92.0,180.0,87.0,59.0
641,159.0,83.0,110.0,92.0,180.0,87.0,59.0
642,159.0,83.0,109.0,92.0,180.0,87.0,59.0
643,159.0,83.0,109.0,92.0,180.0,87.0,59.0
644,159.0,83.0,109.0,92.0,180.0,86.0,59.0
645,159.0,83.0,109.0,92.0,180.0,86.0,59.0
646,159.0,83.0,109.0,92.0,180.0,87.0,59.0
647,159.0,83.0,109.0,92.0,180.0,87.0,59.0
648,159.0,83.0,109.0,92.0,180.0,87.0,59.0
649,159.0,83.0,109.0,92.0,180.0,87.0,59.0
650,159.0,83.0,109.0,92.0,180.0,87.0,59.0
651,159.0,83.0,109.0,92.0,180.0,87.0,59.0
652,159.0,83.0,109.0,92.0,180.0,87.0,59.0
653,159.0,83.0,109.0,92.0,180.0,87.0,59.0
654,159.0,83.0,109.0,92.0,180.0,87.0,59.0
655,159.0,83.0,109.0,92.0,180.0,87.0,59.0
656,159.0,83.0,109.0,93.0,179.0,86.0,59.0
657,159.0,83.0,109.0,93.0,179.0,86.0,59.0
658,159.0,83.0,109.0,93.0,179.0,86.0,59.0
659,159.0,83.0,109.0,93.0,179.0,86.0,59.0
660,159.0,83.0,109.0,93.0,179.0,86.0,59.0
661,159.0,83.0,109.0,93.0,179.0,86.0,59.0
662,159.0,83.0,109.0,93.0,179.0,86.0,59.0
663,159.0,83.0,109.0,93.0,179.0,86.0,59.0
664,159.0,83.0,109.0,93.0,179.0,86.0,59.0
665,159.0,83.0,109.0,93.0,179.0,86.0,59.0
666,159.0,83.0,109.0,93.0,179.0,86.0,59.0
667,159.0,83.0,109.0,93.0,179.0,86.0,59.0
668,159.0,83.0,109.0,93.0,179.0,86.0,59.0
669,159.0,83.0,109.0,93.0,179.0,86.0,59.0
670,159.0,83.0,109.0,92.0,179.0,86.0,59.0
671,159.0,83.0,109.0,93.0,179.0,86.0,59.0
672,159.0,83.0,109.0,92.0,179.0,86.0,59.0
673,159.0,83.0,109.0,92.0,179.0,86.0,59.0
674,159.0,83.0,109.0,92.0,179.0,86.0,59.0
675,159.0,83.0,109.0,92.0,179.0,86.0,59.0
676,159.0,83.0,109.0,92.0,179.0,86.0,59.0
677,159.0,83.0,109.0,92.0,179.0,86.0,59.0
678,159.0,83.0,109.0,92.0,179.0,86.0,59.0
679,160.0,83.0,109.0,92.0,179.0,86.0,59.0
680,160.0,83.0,109.0,92.0,179.0,86.0,59.0
681,160.0,83.0,109.0,92.0,179.0,86.0,59.0
682,160.0,83.0,109.0,92.0,179.0,86.0,59.0
683,160.0,83.0,109.0,92.0,179.0,86.0,59.0
684,160.0,83.0,109.0,92.0,179.0,86.0,59.0
685,160.0,83.0,109.0,92.0,179.0,86.0,59.0
686,160.0,83.0,109.0,92.0,180.0,86.0,59.0
687,160.0,83.0,109.0,92.0,180.0,86.0,59.0
688,160.0,83.0,109.0,92.0,180.0,86.0,59.0
689,160.0,83.0,109.0,92.0,180.0,86.0,59.0
690,160.0,83.0,109.0,92.0,180.0,86.0,59.0
691,160.0,83.0,109.0,92.0,180.0,86.0,59.0
692,160.0,83.0,109.0,92.0,180.0,86.0,59.0
693,160.0,83.0,109.0,92.0,180.0,86.0,59.0
694,160.0,83.0,109.0,92.0,180.0,86.0,59.0
695,160.0,83.0,109.0,92.0,180.0,86.0,60.0
696,160.0,84.0,108.0,93.0,180.0,85.0,60.0
697,159.0,85.0,106.0,94.0,180.0,85.0,60.0
698,159.0,87.0,103.0,94.0,180.0,84.0,61.0
699,159.0,88.0,100.0,94.0,180.0,83.0,62.0
700,160.0,91.0,96.0,95.0,180.0,82.0,62.0
701,160.0,93.0,94.0,95.0,180.0,82.0,62.0
702,160.0,94.0,90.0,95.0,180.0,83.0,62.0
703,160.0,95.0,89.0,96.0,180.0,84.0,61.0
704,160.0,94.0,88.0,96.0,180.0,83.0,61.0
705,160.0,94.0,90.0,95.0,180.0,83.0,62.0
706,160.0,94.0,91.0,95.0,178.0,83.0,61.0
707,160.0,93.0,92.0,95.0,178.0,84.0,61.0
708,160.0,93.0,93.0,95.0,178.0,84.0,61.0
709,160.0,93.0,94.0,95.0,178.0,84.0,61.0
710,160.0,93.0,95.0,95.0,178.0,84.0,61.0
711,160.0,93.0,96.0,95.0,178.0,84.0,61.0
712,160.0,93.0,96.0,95.0,178.0,84.0,61.0
713,160.0,93.0,97.0,95.0,178.0,84.0,61.0
714,160.0,93.0,98.0,95.0,178.0,84.0,61.0
715,160.0,93.0,99.0,95.0,178.0,84.0,61.0
716,160.0,93.0,100.0,95.0,178.0,84.0,61.0
717,160.0,93.0,100.0,95.0,178.0,84.0,61.0
718,160.0,93.0,101.0,95.0,178.0,84.0,61.0
719,160.0,93.0,102.0,95.0,178.0,84.0,61.0
720,160.0,93.0,103.0,95.0,178.0,84.0,61.0
721,160.0,93.0,103.0,95.0,178.0,84.0,61.0
722,160.0,93.0,104.0,95.0,178.0,84.0,61.0
723,160.0,93.0,105.0,95.0,178.0,84.0,61.0
724,160.0,93.0,106.0,95.0,178.0,84.0,61.0
725,160.0,93.0,107.0,95.0,178.0,84.0,61.0
726,160.0,93.0,108.0,95.0,178.0,84.0,61.0
727,160.0,93.0,109.0,95.0,178.0,84.0,61.0
728,160.0,93.0,109.0,95.0,177.0,84.0,61.0
729,160.0,93.0,110.0,95.0,175.0,84.0,61.0
730,160.0,93.0,111.0,95.0,174.0,84.0,61.0
731,160.0,93.0,111.0,95.0,173.0,84.0,61.0
732,160.0,93.0,112.0,95.0,171.0,84.0,61.0
733,160.0,93.0,112.0,95.0,170.0,84.0,61.0
734,160.0,93.0,112.0,95.0,169.0,84.0,61.0
735,160.0,93.0,113.0,95.0,168.0,84.0,61.0
736,160.0,93.0,113.0,95.0,167.0,84.0,61.0
737,160.0,93.0,113.0,95.0,166.0,84.0,61.0
738,160.0,93.0,113.0,95.0,165.0,85.0,60.0
739,160.0,93.0,114.0,95.0,165.0,86.0,60.0
740,160.0,93.0,114.0,95.0,163.0,86.0,59.0
741,160.0,93.0,114.0,95.0,163.0,86.0,59.0
742,160.0,93.0,115.0,95.0,162.0,87.0,59.0
743,160.0,93.0,115.0,95.0,161.0,87.0,59.0
744,160.0,93.0,115.0,95.0,160.0,87.0,59.0
745,160.0,93.0,115.0,95.0,160.0,87.0,59.0
746,160.0,93.0,115.0,95.0,159.0,87.0,59.0
747,160.0,93.0,115.0,95.0,159.0,87.0,59.0
748,160.0,93.0,115.0,95.0,159.0,87.0,59.0
749,160.0,93.0,115.0,95.0,158.0,87.0,59.0
750,160.0,93.0,115.0,95.0,158.0,87.0,59.0
751,160.0,93.0,115.0,95.0,158.0,87.0,59.0
752,160.0,93.0,115.0,95.0,158.0,87.0,59.0
753,160.0,93.0,115.0,95.0,158.0,87.0,59.0
754,160.0,93.0,115.0,95.0,158.0,87.0,59.0
755,160.0,93.0,115.0,95.0,158.0,87.0,58.0
756,160.0,93.0,115.0,95.0,158.0,87.0,58.0
757,160.0,93.0,115.0,95.0,157.0,87.0,58.0
758,160.0,93.0,115.0,95.0,157.0,87.0,58.0
759,160.0,93.0,115.0,95.0,157.0,87.0,58.0
760,160.0,93.0,115.0,95.0,157.0,87.0,58.0
761,160.0,93.0,115.0,95.0,157.0,87.0,58.0
762,160.0,93.0,115.0,95.0,157.0,87.0,58.0
763,160.0,93.0,115.0,95.0,157.0,87.0,58.0
764,160.0,93.0,116.0,95.0,157.0,87.0,58.0
765,160.0,93.0,116.0,95.0,157.0,87.0,58.0
766,160.0,93.0,116.0,95.0,156.0,87.0,58.0
767,160.0,93.0,116.0,95.0,156.0,87.0,58.0
768,160.0,93.0,116.0,95.0,156.0,87.0,58.0
769,160.0,93.0,116.0,95.0,156.0,87.0,58.0
770,160.0,93.0,116.0,95.0,156.0,87.0,58.0
771,160.0,93.0,116.0,95.0,156.0,87.0,58.0
772,160.0,93.0,116.0,95.0,156.0,87.0,58.0
773,160.0,93.0,116.0,95.0,156.0,88.0,58.0
774,160.0,93.0,116.0,95.0,156.0,87.0,58.0
775,160.0,93.0,116.0,95.0,156.0,88.0,58.0
776,160.0,93.0,116.0,95.0,156.0,88.0,58.0
777,160.0,93.0,116.0,95.0,156.0,87.0,58.0
778,160.0,94.0,116.0,95.0,155.0,87.0,58.0
779,160.0,94.0,116.0,95.0,155.0,87.0,58.0
780,160.0,93.0,116.0,95.0,155.0,88.0,58.0
781,160.0,94.0,115.0,95.0,156.0,88.0,58.0
782,160.0,97.0,114.0,95.0,156.0,87.0,59.0
783,160.0,102.0,111.0,95.0,155.0,88.0,58.0
784,160.0,106.0,109.0,95.0,155.0,88.0,58.0
785,160.0,110.0,106.0,95.0,155.0,88.0,58.0
786,160.0,114.0,103.0,94.0,155.0,88.0,58.0
787,159.0,118.0,100.0,94.0,156.0,88.0,58.0
788,158.0,119.0,97.0,94.0,156.0,88.0,58.0
789,157.0,119.0,94.0,95.0,156.0,88.0,58.0
790,155.0,117.0,89.0,95.0,157.0,88.0,58.0
791,153.0,115.0,86.0,95.0,157.0,88.0,58.0
792,150.0,113.0,84.0,95.0,157.0,88.0,58.0
793,148.0,112.0,82.0,96.0,157.0,88.0,58.0
794,144.0,111.0,82.0,97.0,157.0,88.0,58.0
795,143.0,111.0,82.0,97.0,157.0,88.0,58.0
796,142.0,111.0,82.0,97.0,157.0,88.0,58.0
797,142.0,110.0,83.0,97.0,157.0,88.0,58.0
798,142.0,110.0,83.0,97.0,157.0,88.0,58.0
799,142.0,110.0,84.0,97.0,157.0,87.0,59.0
800,143.0,109.0,86.0,96.0,161.0,89.0,57.0
801,143.0,107.0,86.0,96.0,169.0,89.0,57.0
802,143.0,104.0,87.0,96.0,176.0,89.0,57.0
803,144.0,100.0,88.0,95.0,180.0,90.0,57.0
804,144.0,97.0,90.0,94.0,180.0,91.0,56.0
805,144.0,94.0,92.0,94.0,180.0,93.0,54.0
806,144.0,93.0,94.0,93.0,180.0,93.0,54.0
807,144.0,92.0,96.0,93.0,180.0,91.0,55.0
808,144.0,93.0,98.0,93.0,180.0,91.0,55.0
809,144.0,93.0,100.0,93.0,178.0,91.0,55.0
810,144.0,94.0,102.0,93.0,173.0,91.0,55.0
811,145.0,95.0,102.0,93.0,172.0,92.0,55.0
812,145.0,95.0,103.0,93.0,171.0,93.0,54.0
813,145.0,95.0,103.0,93.0,168.0,93.0,54.0
814,145.0,95.0,103.0,93.0,166.0,93.0,54.0
815,145.0,95.0,103.0,93.0,163.0,93.0,54.0
816,145.0,95.0,103.0,93.0,165.0,92.0,55.0
817,145.0,94.0,103.0,93.0,167.0,92.0,55.0
818,145.0,94.0,103.0,93.0,170.0,92.0,55.0
819,145.0,94.0,103.0,93.0,172.0,92.0,55.0
820,145.0,93.0,103.0,93.0,173.0,91.0,55.0
821,145.0,93.0,103.0,93.0,174.0,91.0,55.0
822,145.0,93.0,103.0,93.0,175.0,91.0,55.0
823,145.0,92.0,102.0,93.0,176.0,91.0,55.0
824,145.0,92.0,102.0,93.0,177.0,91.0,55.0
825,145.0,91.0,103.0,93.0,177.0,91.0,55.0
826,145.0,91.0,103.0,93.0,178.0,91.0,55.0
827,145.0,90.0,103.0,93.0,179.0,91.0,55.0
828,145.0,90.0,103.0,93.0,179.0,91.0,55.0
829,145.0,90.0,103.0,93.0,179.0,91.0,55.0
830,145.0,90.0,103.0,93.0,180.0,91.0,55.0
831,145.0,90.0,103.0,93.0,180.0,91.0,55.0
832,145.0,90.0,103.0,93.0,180.0,91.0,55.0
833,145.0,90.0,103.0,93.0,180.0,91.0,56.0
834,145.0,90.0,103.0,93.0,180.0,91.0,56.0
835,145.0,89.0,103.0,93.0,180.0,91.0,56.0
836,145.0,88.0,103.0,93.0,180.0,91.0,56.0
837,145.0,88.0,103.0,93.0,180.0,91.0,56.0
838,145.0,88.0,103.0,93.0,179.0,91.0,56.0
839,145.0,88.0,103.0,93.0,179.0,91.0,56.0
840,145.0,88.0,103.0,93.0,179.0,91.0,55.0
841,145.0,88.0,103.0,93.0,178.0,91.0,55.0
842,145.0,88.0,103.0,93.0,178.0,91.0,55.0
843,145.0,87.0,103.0,93.0,178.0,91.0,55.0
844,145.0,87.0,103.0,93.0,178.0,91.0,56.0
845,145.0,87.0,103.0,93.0,178.0,91.0,56.0
846,145.0,86.0,103.0,93.0,178.0,91.0,56.0
847,145.0,86.0,103.0,93.0,178.0,91.0,56.0
848,145.0,86.0,103.0,93.0,177.0,91.0,56.0
849,145.0,86.0,103.0,93.0,177.0,91.0,56.0
850,145.0,86.0,103.0,93.0,177.0,91.0,56.0
851,145.0,86.0,103.0,93.0,177.0,91.0,56.0
852,145.0,86.0,104.0,93.0,177.0,91.0,56.0
853,145.0,85.0,104.0,93.0,177.0,91.0,56.0
854,145.0,85.0,104.0,93.0,177.0,91.0,56.0
855,145.0,84.0,104.0,93.0,177.0,91.0,56.0
856,145.0,84.0,104.0,93.0,177.0,91.0,56.0
857,145.0,84.0,104.0,94.0,177.0,90.0,56.0
858,145.0,84.0,104.0,94.0,177.0,90.0,56.0
859,145.0,84.0,104.0,94.0,177.0,90.0,56.0
860,145.0,84.0,104.0,94.0,177.0,90.0,56.0
861,145.0,84.0,104.0,94.0,177.0,90.0,56.0
862,145.0,84.0,104.0,94.0,178.0,90.0,56.0
863,145.0,84.0,104.0,94.0,178.0,90.0,56.0
864,145.0,83.0,104.0,94.0,179.0,90.0,56.0
865,145.0,83.0,104.0,94.0,179.0,90.0,56.0
866,145.0,83.0,104.0,94.0,180.0,90.0,56.0
867,145.0,83.0,104.0,94.0,180.0,90.0,56.0
868,145.0,82.0,104.0,93.0,180.0,90.0,56.0
869,145.0,82.0,104.0,93.0,180.0,90.0,57.0
870,145.0,82.0,104.0,93.0,180.0,90.0,57.0
871,145.0,82.0,104.0,93.0,180.0,90.0,57.0
872,145.0,82.0,104.0,93.0,180.0,90.0,57.0
873,145.0,82.0,104.0,93.0,180.0,89.0,57.0
874,145.0,82.0,104.0,93.0,180.0,89.0,57.0
875,145.0,82.0,104.0,93.0,179.0,89.0,57.0
876,145.0,81.0,104.0,93.0,179.0,89.0,57.0
877,145.0,81.0,104.0,93.0,179.0,89.0,57.0
878,145.0,80.0,104.0,93.0,179.0,89.0,57.0
879,145.0,80.0,104.0,93.0,179.0,89.0,57.0
880,145.0,80.0,105.0,94.0,179.0,89.0,57.0
881,145.0,80.0,105.0,94.0,179.0,89.0,57.0
882,145.0,80.0,105.0,94.0,179.0,89.0,57.0
883,145.0,79.0,105.0,94.0,179.0,89.0,57.0
884,145.0,79.0,105.0,94.0,179.0,89.0,57.0
885,145.0,79.0,105.0,94.0,179.0,89.0,57.0
886,145.0,79.0,105.0,94.0,179.0,89.0,57.0
887,145.0,79.0,105.0,94.0,179.0,89.0,57.0
888,145.0,78.0,105.0,94.0,179.0,89.0,57.0
889,145.0,78.0,105.0,94.0,179.0,89.0,57.0
890,145.0,78.0,105.0,94.0,179.0,89.0,57.0
891,145.0,78.0,105.0,94.0,179.0,89.0,57.0
892,145.0,78.0,105.0,94.0,179.0,89.0,57.0
893,145.0,78.0,104.0,94.0,179.0,89.0,57.0
894,145.0,78.0,104.0,94.0,179.0,89.0,57.0
895,145.0,78.0,104.0,94.0,179.0,89.0,57.0
896,145.0,77.0,104.0,94.0,179.0,89.0,57.0
897,145.0,78.0,104.0,94.0,180.0,89.0,57.0
898,145.0,78.0,104.0,94.0,180.0,89.0,57.0
899,145.0,79.0,104.0,94.0,180.0,89.0,57.0
900,145.0,79.0,104.0,94.0,180.0,90.0,57.0
901,145.0,79.0,104.0,94.0,180.0,90.0,57.0
902,145.0,78.0,104.0,94.0,180.0,90.0,56.0
903,145.0,78.0,104.0,94.0,180.0,90.0,56.0
904,145.0,78.0,104.0,94.0,180.0,90.0,56.0
905,145.0,78.0,104.0,94.0,180.0,90.0,56.0
906,145.0,77.0,105.0,94.0,180.0,90.0,56.0
907,145.0,77.0,105.0,94.0,180.0,90.0,56.0
908,146.0,77.0,106.0,94.0,180.0,90.0,57.0
909,146.0,77.0,106.0,93.0,180.0,90.0,57.0
910,146.0,77.0,107.0,93.0,179.0,89.0,57.0
911,147.0,78.0,107.0,93.0,180.0,89.0,57.0
912,147.0,79.0,108.0,94.0,180.0,89.0,57.0
913,147.0,79.0,108.0,94.0,180.0,89.0,57.0
914,147.0,80.0,108.0,94.0,179.0,89.0,57.0
915,147.0,80.0,108.0,94.0,179.0,90.0,57.0
916,147.0,80.0,108.0,94.0,179.0,89.0,57.0
917,147.0,80.0,108.0,94.0,179.0,90.0,57.0
918,147.0,80.0,108.0,94.0,178.0,89.0,57.0
919,147.0,80.0,108.0,94.0,178.0,89.0,57.0
920,147.0,79.0,108.0,94.0,178.0,89.0,57.0
921,147.0,79.0,108.0,94.0,178.0,89.0,57.0
922,147.0,79.0,108.0,94.0,178.0,89.0,57.0
923,147.0,79.0,108.0,94.0,178.0,89.0,57.0
924,147.0,79.0,108.0,94.0,178.0,89.0,57.0
925,147.0,79.0,108.0,94.0,178.0,89.0,57.0
926,147.0,79.0,108.0,94.0,178.0,89.0,57.0
927,147.0,79.0,108.0,94.0,178.0,89.0,57.0
928,147.0,79.0,108.0,94.0,178.0,89.0,57.0
929,147.0,79.0,108.0,94.0,178.0,89.0,57.0
930,147.0,79.0,108.0,94.0,178.0,89.0,57.0
931,147.0,79.0,108.0,94.0,178.0,89.0,57.0
932,147.0,79.0,108.0,94.0,178.0,89.0,57.0
933,147.0,79.0,108.0,94.0,178.0,89.0,57.0
934,147.0,79.0,108.0,94.0,178.0,89.0,57.0
935,147.0,79.0,108.0,94.0,178.0,89.0,57.0
936,147.0,78.0,108.0,94.0,178.0,89.0,57.0
937,147.0,78.0,108.0,94.0,178.0,89.0,57.0
938,147.0,78.0,108.0,94.0,178.0,89.0,57.0
939,147.0,78.0,108.0,94.0,178.0,89.0,57.0
940,147.0,78.0,108.0,94.0,178.0,89.0,57.0
941,147.0,78.0,108.0,94.0,177.0,89.0,57.0
942,147.0,78.0,108.0,94.0,177.0,89.0,57.0
943,147.0,78.0,108.0,94.0,177.0,89.0,57.0
944,147.0,77.0,108.0,94.0,177.0,89.0,57.0
945,147.0,77.0,108.0,94.0,177.0,89.0,57.0
946,147.0,77.0,108.0,94.0,177.0,89.0,57.0
947,147.0,77.0,108.0,94.0,177.0,89.0,57.0
948,147.0,77.0,108.0,94.0,177.0,89.0,57.0
949,147.0,77.0,108.0,94.0,177.0,89.0,57.0
950,147.0,77.0,108.0,94.0,177.0,89.0,57.0
951,147.0,77.0,108.0,94.0,177.0,89.0,57.0
952,147.0,77.0,108.0,94.0,177.0,88.0,57.0
953,147.0,77.0,108.0,94.0,177.0,88.0,58.0
954,147.0,77.0,108.0,94.0,177.0,88.0,58.0
955,147.0,77.0,108.0,94.0,177.0,88.0,58.0
956,147.0,77.0,108.0,94.0,177.0,88.0,57.0
957,147.0,77.0,108.0,94.0,177.0,89.0,57.0
958,147.0,77.0,108.0,94.0,177.0,88.0,57.0
959,147.0,77.0,108.0,94.0,177.0,88.0,58.0
960,147.0,77.0,108.0,94.0,177.0,88.0,58.0
961,147.0,77.0,108.0,94.0,177.0,88.0,58.0
962,147.0,77.0,108.0,94.0,177.0,88.0,58.0
963,147.0,77.0,108.0,94.0,177.0,88.0,58.0
964,147.0,77.0,108.0,94.0,177.0,88.0,58.0
965,147.0,77.0,108.0,94.0,177.0,88.0,58.0
966,147.0,77.0,108.0,94.0,177.0,88.0,58.0
967,147.0,77.0,108.0,94.0,177.0,88.0,58.0
968,147.0,77.0,108.0,94.0,177.0,88.0,58.0
969,147.0,77.0,108.0,94.0,177.0,88.0,58.0
970,147.0,77.0,108.0,94.0,177.0,88.0,58.0
971,147.0,77.0,108.0,94.0,177.0,88.0,58.0
972,147.0,77.0,108.0,93.0,177.0,88.0,58.0
973,147.0,77.0,108.0,93.0,177.0,88.0,58.0
974,147.0,77.0,108.0,93.0,179.0,88.0,58.0
975,147.0,77.0,108.0,93.0,179.0,88.0,58.0
976,147.0,77.0,108.0,93.0,179.0,88.0,58.0
977,147.0,77.0,108.0,93.0,179.0,88.0,58.0
978,147.0,77.0,108.0,93.0,179.0,88.0,58.0
979,147.0,77.0,108.0,93.0,179.0,88.0,58.0
980,147.0,77.0,107.0,94.0,180.0,88.0,58.0
981,147.0,79.0,104.0,94.0,180.0,87.0,58.0
982,147.0,82.0,101.0,94.0,180.0,87.0,58.0
983,148.0,85.0,97.0,94.0,180.0,88.0,58.0
984,148.0,87.0,94.0,94.0,180.0,88.0,58.0
985,149.0,90.0,90.0,94.0,180.0,88.0,58.0
986,149.0,93.0,85.0,94.0,180.0,89.0,57.0
987,149.0,96.0,81.0,95.0,180.0,89.0,57.0
988,149.0,99.0,77.0,95.0,180.0,90.0,57.0
989,149.0,101.0,72.0,96.0,180.0,90.0,57.0
990,149.0,104.0,67.0,97.0,180.0,88.0,57.0
991,149.0,105.0,66.0,97.0,180.0,88.0,58.0
992,149.0,106.0,67.0,97.0,180.0,88.0,58.0
993,149.0,106.0,68.0,97.0,180.0,88.0,58.0
994,149.0,106.0,69.0,97.0,180.0,88.0,58.0
995,149.0,106.0,70.0,97.0,180.0,88.0,58.0
996,149.0,107.0,71.0,97.0,180.0,88.0,58.0
997,149.0,107.0,72.0,97.0,180.0,88.0,58.0
998,149.0,107.0,72.0,97.0,180.0,88.0,58.0
999,149.0,108.0,73.0,97.0,180.0,88.0,58.0
1000,149.0,108.0,74.0,97.0,180.0,88.0,58.0
1001,149.0,108.0,75.0,97.0,180.0,88.0,58.0
1002,149.0,109.0,76.0,97.0,180.0,88.0,57.0
1003,149.0,109.0,77.0,97.0,180.0,88.0,57.0
1004,149.0,109.0,78.0,97.0,180.0,88.0,57.0
1005,149.0,110.0,78.0,97.0,180.0,88.0,57.0
1006,149.0,110.0,79.0,97.0,180.0,88.0,57.0
1007,149.0,110.0,80.0,98.0,180.0,88.0,57.0
1008,149.0,111.0,81.0,98.0,180.0,89.0,57.0
1009,149.0,111.0,82.0,97.0,180.0,89.0,57.0
1010,149.0,111.0,83.0,98.0,180.0,89.0,57.0
1011,149.0,111.0,84.0,98.0,180.0,89.0,57.0
1012,149.0,112.0,85.0,98.0,180.0,89.0,57.0
1013,149.0,113.0,86.0,98.0,180.0,89.0,57.0
1014,149.0,113.0,87.0,98.0,180.0,89.0,57.0
1015,149.0,114.0,87.0,98.0,180.0,89.0,57.0
1016,149.0,114.0,88.0,98.0,180.0,89.0,57.0
1017,149.0,115.0,89.0,98.0,180.0,89.0,57.0
1018,149.0,115.0,90.0,98.0,180.0,89.0,57.0
1019,149.0,116.0,91.0,98.0,180.0,89.0,57.0
1020,149.0,116.0,91.0,98.0,180.0,89.0,57.0
1021,149.0,117.0,93.0,98.0,180.0,89.0,57.0
1022,149.0,117.0,93.0,98.0,180.0,89.0,57.0
1023,149.0,118.0,94.0,98.0,180.0,89.0,57.0
1024,149.0,119.0,95.0,98.0,180.0,89.0,57.0
1025,149.0,119.0,96.0,98.0,180.0,89.0,57.0
1026,149.0,120.0,97.0,98.0,180.0,89.0,57.0
1027,149.0,121.0,97.0,98.0,180.0,89.0,57.0
1028,149.0,121.0,98.0,98.0,180.0,89.0,57.0
1029,149.0,122.0,99.0,98.0,180.0,89.0,57.0
1030,149.0,122.0,99.0,98.0,180.0,89.0,57.0
1031,149.0,123.0,100.0,98.0,180.0,88.0,58.0
1032,149.0,124.0,101.0,98.0,180.0,88.0,58.0
1033,149.0,124.0,101.0,98.0,180.0,88.0,58.0
1034,149.0,125.0,102.0,98.0,180.0,88.0,58.0
1035,149.0,126.0,102.0,98.0,180.0,88.0,58.0
1036,149.0,126.0,102.0,98.0,180.0,88.0,58.0
1037,149.0,126.0,102.0,98.0,180.0,88.0,58.0
1038,149.0,126.0,102.0,98.0,180.0,88.0,58.0
1039,149.0,126.0,102.0,98.0,180.0,88.0,58.0
1040,149.0,126.0,102.0,98.0,180.0,88.0,58.0
1041,149.0,126.0,102.0,98.0,180.0,88.0,58.0
1042,149.0,126.0,102.0,98.0,180.0,88.0,58.0
1043,149.0,126.0,102.0,98.0,180.0,88.0,58.0
1044,149.0,126.0,102.0,98.0,180.0,88.0,58.0
1045,149.0,126.0,102.0,98.0,180.0,88.0,58.0
1046,149.0,126.0,102.0,98.0,180.0,88.0,58.0
1047,149.0,126.0,102.0,98.0,180.0,88.0,58.0
1048,149.0,126.0,102.0,98.0,180.0,88.0,58.0
1049,149.0,126.0,102.0,98.0,180.0,88.0,58.0
1050,149.0,126.0,102.0,98.0,180.0,88.0,58.0
1051,149.0,126.0,102.0,98.0,180.0,88.0,58.0
1052,149.0,126.0,102.0,98.0,180.0,88.0,58.0
1053,149.0,126.0,102.0,98.0,180.0,88.0,58.0
1054,149.0,126.0,102.0,98.0,180.0,88.0,58.0
1055,149.0,126.0,102.0,98.0,180.0,88.0,58.0
1056,149.0,126.0,102.0,98.0,180.0,88.0,58.0
1057,149.0,126.0,102.0,98.0,180.0,88.0,58.0
1058,149.0,126.0,102.0,98.0,180.0,88.0,58.0
1059,149.0,126.0,102.0,98.0,180.0,88.0,58.0
1060,149.0,126.0,102.0,98.0,180.0,88.0,58.0
1061,149.0,126.0,102.0,98.0,180.0,88.0,58.0
1062,149.0,126.0,102.0,98.0,180.0,88.0,58.0
1063,149.0,126.0,102.0,98.0,180.0,88.0,58.0
1064,149.0,126.0,102.0,98.0,180.0,88.0,58.0
1065,149.0,126.0,102.0,98.0,180.0,88.0,58.0
1066,149.0,126.0,102.0,98.0,180.0,88.0,58.0
1067,149.0,126.0,102.0,98.0,180.0,88.0,58.0
1068,149.0,126.0,102.0,98.0,180.0,88.0,58.0
1069,149.0,126.0,102.0,98.0,180.0,88.0,58.0
1070,149.0,126.0,102.0,98.0,180.0,88.0,58.0
1071,149.0,126.0,102.0,98.0,180.0,88.0,58.0
1072,149.0,126.0,102.0,98.0,180.0,88.0,58.0
1073,149.0,126.0,102.0,98.0,180.0,88.0,58.0
1074,149.0,126.0,102.0,98.0,180.0,88.0,58.0
1075,149.0,126.0,102.0,98.0,180.0,88.0,58.0
1076,149.0,126.0,102.0,98.0,180.0,88.0,58.0
1077,149.0,126.0,102.0,98.0,180.0,88.0,58.0
1078,149.0,126.0,102.0,98.0,180.0,88.0,58.0
1079,149.0,126.0,102.0,98.0,180.0,88.0,58.0
1080,149.0,126.0,102.0,96.0,180.0,88.0,58.0
1081,149.0,126.0,102.0,94.0,180.0,86.0,59.0
1082,149.0,126.0,102.0,94.0,180.0,86.0,59.0
1083,149.0,126.0,102.0,94.0,180.0,86.0,59.0
1084,149.0,125.0,99.0,93.0,180.0,86.0,59.0
1085,149.0,123.0,96.0,93.0,180.0,86.0,60.0
1086,148.0,122.0,93.0,93.0,180.0,85.0,60.0
1087,147.0,119.0,89.0,93.0,180.0,87.0,58.0
1088,147.0,117.0,87.0,92.0,180.0,89.0,57.0
1089,147.0,115.0,86.0,91.0,180.0,91.0,56.0
1090,147.0,112.0,88.0,89.0,180.0,92.0,55.0
1091,146.0,110.0,88.0,89.0,180.0,92.0,55.0
1092,146.0,107.0,89.0,89.0,180.0,91.0,55.0
1093,145.0,104.0,90.0,89.0,180.0,91.0,55.0
1094,145.0,100.0,91.0,89.0,180.0,91.0,55.0
1095,145.0,98.0,93.0,89.0,180.0,91.0,55.0
1096,145.0,97.0,95.0,89.0,180.0,91.0,55.0
1097,145.0,100.0,99.0,90.0,180.0,91.0,55.0
1098,145.0,100.0,100.0,90.0,178.0,92.0,55.0
1099,145.0,100.0,100.0,91.0,176.0,91.0,55.0
1100,145.0,100.0,100.0,91.0,171.0,90.0,56.0
1101,145.0,100.0,101.0,92.0,167.0,89.0,57.0
1102,145.0,99.0,101.0,92.0,167.0,88.0,58.0
1103,145.0,97.0,101.0,92.0,170.0,89.0,57.0
1104,145.0,97.0,100.0,92.0,172.0,89.0,57.0
1105,145.0,96.0,100.0,92.0,173.0,88.0,57.0
1106,145.0,95.0,101.0,92.0,173.0,88.0,58.0
1107,145.0,93.0,101.0,91.0,173.0,88.0,58.0
1108,145.0,93.0,101.0,91.0,173.0,88.0,58.0
1109,145.0,92.0,102.0,91.0,174.0,87.0,59.0
1110,146.0,91.0,102.0,91.0,176.0,87.0,59.0
1111,146.0,91.0,102.0,91.0,176.0,86.0,59.0
1112,146.0,91.0,102.0,91.0,176.0,86.0,59.0
1113,146.0,91.0,102.0,91.0,176.0,86.0,59.0
1114,146.0,90.0,102.0,90.0,176.0,86.0,59.0
1115,146.0,90.0,102.0,90.0,176.0,86.0,59.0
1116,146.0,90.0,102.0,90.0,177.0,86.0,59.0
1117,146.0,90.0,102.0,90.0,178.0,86.0,59.0
1118,146.0,90.0,102.0,90.0,178.0,86.0,59.0
1119,146.0,90.0,102.0,90.0,178.0,86.0,59.0
1120,146.0,88.0,102.0,90.0,178.0,86.0,59.0
1121,146.0,88.0,102.0,90.0,178.0,86.0,60.0
1122,146.0,88.0,102.0,90.0,178.0,85.0,60.0
1123,146.0,88.0,102.0,90.0,178.0,85.0,60.0
1124,146.0,87.0,103.0,90.0,178.0,85.0,60.0
1125,146.0,87.0,103.0,90.0,178.0,85.0,60.0
1126,146.0,87.0,103.0,90.0,179.0,84.0,61.0
1127,146.0,87.0,102.0,90.0,180.0,84.0,61.0
1128,146.0,87.0,102.0,90.0,180.0,84.0,61.0
1129,146.0,88.0,102.0,90.0,180.0,84.0,61.0
1130,147.0,88.0,102.0,90.0,180.0,84.0,61.0
1131,147.0,89.0,102.0,90.0,180.0,84.0,61.0
1132,147.0,89.0,103.0,90.0,180.0,84.0,61.0
1133,147.0,88.0,103.0,90.0,179.0,84.0,61.0
1134,147.0,88.0,103.0,90.0,179.0,84.0,61.0
1135,147.0,88.0,103.0,90.0,179.0,84.0,61.0
1136,147.0,88.0,103.0,90.0,179.0,84.0,61.0
1137,147.0,88.0,103.0,90.0,179.0,84.0,61.0
1138,147.0,88.0,103.0,90.0,179.0,84.0,61.0
1139,147.0,88.0,103.0,90.0,179.0,84.0,61.0
1140,147.0,88.0,103.0,90.0,179.0,84.0,61.0
1141,147.0,88.0,102.0,90.0,179.0,84.0,61.0
1142,147.0,88.0,102.0,90.0,179.0,84.0,61.0
1143,147.0,88.0,103.0,90.0,179.0,84.0,61.0
1144,147.0,88.0,103.0,90.0,179.0,84.0,61.0
1145,147.0,88.0,103.0,90.0,179.0,84.0,61.0
1146,147.0,88.0,103.0,90.0,179.0,84.0,61.0
1147,147.0,88.0,103.0,90.0,179.0,84.0,61.0
1148,147.0,88.0,103.0,90.0,179.0,83.0,61.0
1149,147.0,88.0,103.0,90.0,180.0,83.0,61.0
1150,147.0,88.0,102.0,90.0,180.0,83.0,61.0
1151,147.0,89.0,102.0,90.0,180.0,83.0,61.0
1152,147.0,90.0,101.0,90.0,180.0,83.0,62.0
1153,147.0,90.0,100.0,90.0,180.0,82.0,62.0
1154,147.0,90.0,98.0,90.0,180.0,82.0,62.0
1155,148.0,90.0,97.0,90.0,180.0,81.0,63.0
1156,148.0,92.0,96.0,90.0,180.0,81.0,63.0
1157,149.0,93.0,96.0,89.0,180.0,81.0,63.0
1158,149.0,95.0,96.0,89.0,180.0,81.0,63.0
1159,149.0,97.0,96.0,89.0,180.0,82.0,63.0
1160,149.0,97.0,96.0,89.0,180.0,82.0,62.0
1161,149.0,98.0,96.0,90.0,180.0,82.0,62.0
1162,149.0,99.0,96.0,90.0,180.0,83.0,62.0
1163,149.0,99.0,97.0,90.0,180.0,83.0,61.0
1164,149.0,100.0,97.0,90.0,180.0,83.0,61.0
1165,148.0,100.0,97.0,90.0,180.0,83.0,61.0
1166,148.0,100.0,97.0,90.0,180.0,84.0,61.0
1167,148.0,100.0,97.0,90.0,180.0,84.0,61.0
1168,148.0,99.0,97.0,90.0,180.0,84.0,61.0
1169,148.0,99.0,97.0,90.0,180.0,84.0,61.0
1170,148.0,99.0,98.0,90.0,180.0,84.0,61.0
1171,148.0,99.0,98.0,90.0,180.0,84.0,61.0
1172,148.0,98.0,98.0,90.0,180.0,84.0,61.0
1173,148.0,97.0,98.0,90.0,180.0,84.0,61.0
1174,148.0,97.0,98.0,90.0,180.0,84.0,61.0
1175,148.0,97.0,98.0,90.0,180.0,84.0,61.0
1176,148.0,97.0,98.0,90.0,180.0,84.0,61.0
1177,148.0,96.0,98.0,90.0,180.0,84.0,61.0
1178,148.0,95.0,98.0,90.0,180.0,83.0,61.0
1179,148.0,95.0,98.0,90.0,180.0,83.0,61.0
1180,148.0,95.0,98.0,90.0,180.0,83.0,61.0
1181,148.0,95.0,98.0,90.0,180.0,83.0,61.0
1182,148.0,94.0,99.0,90.0,180.0,83.0,61.0
1183,148.0,94.0,99.0,90.0,180.0,83.0,61.0
1184,148.0,94.0,99.0,90.0,180.0,83.0,61.0
1185,148.0,94.0,99.0,90.0,180.0,83.0,61.0
1186,148.0,94.0,98.0,90.0,180.0,83.0,62.0
1187,148.0,94.0,98.0,90.0,178.0,82.0,62.0
1188,148.0,94.0,98.0,91.0,176.0,82.0,62.0
1189,148.0,94.0,99.0,91.0,176.0,82.0,62.0
1190,148.0,94.0,99.0,91.0,176.0,82.0,62.0
1191,148.0,94.0,99.0,91.0,176.0,82.0,62.0
1192,148.0,94.0,99.0,91.0,176.0,83.0,62.0
1193,148.0,94.0,99.0,91.0,177.0,83.0,62.0
1194,148.0,94.0,99.0,91.0,177.0,83.0,62.0
1195,148.0,94.0,99.0,91.0,177.0,83.0,62.0
1196,148.0,94.0,99.0,91.0,177.0,83.0,62.0
1197,148.0,94.0,99.0,90.0,178.0,83.0,62.0
1198,148.0,94.0,99.0,90.0,179.0,83.0,62.0
1199,148.0,94.0,99.0,90.0,179.0,82.0,62.0
1200,148.0,94.0,99.0,90.0,179.0,82.0,62.0
1201,148.0,94.0,99.0,90.0,179.0,82.0,62.0
1202,148.0,94.0,99.0,90.0,179.0,82.0,62.0
1203,148.0,94.0,99.0,90.0,179.0,82.0,62.0
1204,148.0,94.0,99.0,90.0,179.0,82.0,62.0
1205,149.0,93.0,99.0,90.0,179.0,82.0,62.0
1206,149.0,93.0,99.0,90.0,179.0,82.0,62.0
1207,149.0,93.0,99.0,90.0,179.0,82.0,62.0
1208,149.0,93.0,99.0,90.0,179.0,82.0,62.0
1209,149.0,93.0,99.0,90.0,179.0,82.0,62.0
1210,149.0,93.0,99.0,90.0,179.0,82.0,62.0
1211,149.0,93.0,99.0,90.0,179.0,82.0,62.0
1212,149.0,93.0,99.0,90.0,179.0,82.0,62.0
1213,149.0,93.0,99.0,90.0,179.0,82.0,62.0
1214,149.0,93.0,99.0,90.0,179.0,82.0,63.0
1215,149.0,93.0,99.0,90.0,179.0,82.0,63.0
1216,149.0,93.0,99.0,90.0,179.0,82.0,63.0
1217,149.0,93.0,99.0,90.0,179.0,82.0,63.0
1218,149.0,93.0,99.0,90.0,179.0,82.0,63.0
1219,149.0,93.0,99.0,90.0,179.0,82.0,63.0
1220,149.0,93.0,99.0,90.0,179.0,82.0,63.0
1221,149.0,93.0,99.0,90.0,179.0,82.0,63.0
1222,149.0,93.0,99.0,90.0,179.0,82.0,63.0
1223,149.0,93.0,99.0,90.0,179.0,81.0,63.0
1224,149.0,93.0,99.0,90.0,179.0,81.0,63.0
1225,149.0,93.0,99.0,90.0,179.0,81.0,63.0
1226,149.0,93.0,99.0,90.0,179.0,81.0,63.0
1227,149.0,93.0,99.0,90.0,179.0,81.0,63.0
1228,149.0,93.0,99.0,90.0,179.0,81.0,63.0
1229,149.0,93.0,98.0,90.0,179.0,81.0,63.0
1230,149.0,93.0,98.0,90.0,180.0,81.0,63.0
1231,149.0,93.0,98.0,90.0,180.0,81.0,63.0
1232,149.0,93.0,98.0,90.0,180.0,81.0,63.0
1233,149.0,93.0,98.0,90.0,180.0,81.0,63.0
1234,149.0,93.0,98.0,90.0,180.0,81.0,63.0
1235,149.0,93.0,98.0,90.0,180.0,81.0,63.0
1236,149.0,93.0,98.0,90.0,180.0,81.0,63.0
1237,149.0,94.0,97.0,90.0,180.0,81.0,63.0
1238,149.0,95.0,97.0,90.0,180.0,81.0,63.0
1239,149.0,95.0,96.0,90.0,180.0,81.0,63.0
1240,149.0,97.0,96.0,90.0,180.0,81.0,63.0
1241,149.0,97.0,95.0,90.0,180.0,81.0,63.0
1242,149.0,99.0,95.0,89.0,180.0,81.0,63.0
1243,149.0,100.0,96.0,89.0,180.0,81.0,63.0
1244,149.0,100.0,96.0,89.0,180.0,81.0,63.0
1245,149.0,100.0,96.0,90.0,180.0,81.0,63.0
1246,149.0,100.0,96.0,90.0,180.0,82.0,63.0
1247,149.0,100.0,96.0,90.0,180.0,82.0,63.0
1248,149.0,100.0,96.0,90.0,180.0,82.0,63.0
1249,149.0,100.0,96.0,90.0,180.0,81.0,63.0
1250,149.0,100.0,96.0,90.0,180.0,81.0,63.0
1251,150.0,100.0,96.0,90.0,180.0,81.0,63.0
1252,150.0,100.0,96.0,89.0,180.0,81.0,63.0
1253,150.0,100.0,96.0,89.0,180.0,81.0,63.0
1254,150.0,100.0,96.0,89.0,180.0,81.0,63.0
1255,150.0,100.0,97.0,89.0,180.0,81.0,63.0
1256,150.0,100.0,97.0,89.0,180.0,81.0,63.0
1257,150.0,100.0,97.0,89.0,180.0,81.0,63.0
1258,150.0,100.0,97.0,89.0,180.0,81.0,63.0
1259,150.0,100.0,97.0,89.0,180.0,81.0,63.0
1260,150.0,100.0,97.0,89.0,180.0,81.0,63.0
1261,150.0,99.0,97.0,89.0,180.0,81.0,63.0
1262,150.0,99.0,97.0,89.0,180.0,81.0,63.0
1263,150.0,99.0,97.0,89.0,180.0,81.0,63.0
1264,150.0,99.0,97.0,89.0,179.0,81.0,63.0
1265,150.0,100.0,97.0,90.0,178.0,81.0,63.0
1266,150.0,99.0,97.0,90.0,178.0,81.0,63.0
1267,150.0,99.0,97.0,90.0,178.0,81.0,63.0
1268,150.0,99.0,97.0,90.0,178.0,81.0,63.0
1269,150.0,99.0,97.0,90.0,178.0,81.0,63.0
1270,150.0,99.0,97.0,90.0,179.0,81.0,63.0
1271,150.0,99.0,97.0,90.0,179.0,81.0,63.0
1272,150.0,99.0,97.0,90.0,179.0,81.0,63.0
1273,150.0,99.0,97.0,90.0,179.0,81.0,63.0
1274,150.0,99.0,97.0,90.0,179.0,81.0,63.0
1275,150.0,99.0,97.0,90.0,179.0,81.0,63.0
1276,150.0,99.0,97.0,89.0,179.0,81.0,63.0
1277,150.0,99.0,97.0,90.0,179.0,81.0,63.0
1278,150.0,99.0,97.0,90.0,179.0,81.0,63.0
1279,150.0,99.0,97.0,90.0,179.0,81.0,63.0
1280,150.0,99.0,97.0,90.0,179.0,81.0,63.0
1281,150.0,99.0,97.0,90.0,179.0,81.0,63.0
1282,150.0,98.0,97.0,90.0,179.0,81.0,63.0
1283,150.0,98.0,97.0,90.0,179.0,81.0,63.0
1284,150.0,97.0,97.0,90.0,179.0,81.0,63.0
1285,150.0,97.0,97.0,90.0,179.0,81.0,63.0
1286,150.0,97.0,97.0,90.0,179.0,81.0,63.0
1287,150.0,97.0,97.0,90.0,179.0,81.0,63.0
1288,150.0,97.0,97.0,90.0,180.0,81.0,63.0
1289,150.0,97.0,97.0,90.0,180.0,81.0,63.0
1290,150.0,97.0,97.0,90.0,179.0,81.0,63.0
1291,150.0,97.0,97.0,90.0,179.0,81.0,63.0
1292,150.0,97.0,97.0,90.0,179.0,81.0,63.0
1293,150.0,97.0,97.0,90.0,179.0,81.0,63.0
1294,150.0,97.0,97.0,89.0,179.0,81.0,63.0
1295,150.0,97.0,97.0,89.0,179.0,81.0,63.0
1296,150.0,97.0,97.0,89.0,179.0,81.0,63.0
1297,150.0,97.0,97.0,89.0,179.0,81.0,64.0
1298,150.0,97.0,97.0,89.0,180.0,80.0,64.0
1299,150.0,97.0,97.0,89.0,180.0,80.0,64.0
1300,150.0,97.0,97.0,89.0,180.0,80.0,64.0
1301,150.0,97.0,97.0,89.0,180.0,80.0,64.0
1302,150.0,99.0,96.0,89.0,180.0,80.0,64.0
1303,150.0,99.0,96.0,90.0,180.0,80.0,64.0
1304,150.0,99.0,96.0,90.0,180.0,80.0,64.0
1305,150.0,99.0,96.0,90.0,180.0,80.0,64.0
1306,150.0,99.0,96.0,90.0,180.0,80.0,64.0
1307,150.0,99.0,96.0,90.0,180.0,80.0,64.0
1308,150.0,99.0,96.0,90.0,180.0,80.0,64.0
1309,150.0,99.0,96.0,90.0,180.0,80.0,64.0
1310,149.0,99.0,96.0,90.0,180.0,80.0,64.0
1311,149.0,99.0,96.0,91.0,180.0,80.0,64.0
1312,148.0,99.0,96.0,91.0,179.0,80.0,64.0
1313,149.0,100.0,98.0,91.0,177.0,80.0,64.0
1314,149.0,100.0,99.0,90.0,177.0,81.0,64.0
1315,149.0,100.0,100.0,90.0,177.0,81.0,63.0
1316,149.0,100.0,101.0,91.0,177.0,81.0,63.0
1317,149.0,100.0,102.0,91.0,177.0,81.0,63.0
1318,149.0,100.0,102.0,91.0,177.0,81.0,63.0
1319,149.0,100.0,103.0,91.0,177.0,81.0,63.0
1320,149.0,100.0,104.0,91.0,177.0,81.0,63.0
1321,149.0,100.0,104.0,91.0,176.0,81.0,63.0
1322,149.0,100.0,105.0,91.0,176.0,81.0,63.0
1323,149.0,100.0,106.0,91.0,176.0,81.0,63.0
1324,149.0,100.0,107.0,91.0,176.0,81.0,63.0
1325,149.0,100.0,107.0,91.0,176.0,81.0,63.0
1326,149.0,100.0,108.0,91.0,175.0,81.0,63.0
1327,149.0,100.0,108.0,91.0,175.0,81.0,63.0
1328,149.0,100.0,108.0,91.0,175.0,81.0,63.0
1329,149.0,100.0,108.0,91.0,175.0,81.0,63.0
1330,149.0,100.0,108.0,91.0,174.0,81.0,63.0
1331,149.0,100.0,108.0,91.0,174.0,81.0,63.0
1332,149.0,100.0,108.0,91.0,174.0,81.0,63.0
1333,149.0,100.0,108.0,91.0,174.0,81.0,63.0
1334,149.0,100.0,108.0,91.0,174.0,81.0,63.0
1335,149.0,100.0,108.0,91.0,174.0,81.0,63.0
1336,149.0,100.0,108.0,91.0,174.0,81.0,63.0
1337,149.0,100.0,108.0,91.0,174.0,81.0,63.0
1338,149.0,100.0,108.0,91.0,174.0,81.0,63.0
1339,149.0,100.0,108.0,91.0,174.0,81.0,63.0
1340,149.0,100.0,108.0,91.0,174.0,81.0,63.0
1341,149.0,100.0,108.0,91.0,174.0,81.0,63.0
1342,149.0,100.0,108.0,91.0,174.0,81.0,63.0
1343,149.0,100.0,108.0,91.0,174.0,81.0,63.0
1344,149.0,100.0,108.0,91.0,174.0,81.0,63.0
1345,149.0,100.0,108.0,91.0,174.0,81.0,63.0
1346,149.0,100.0,108.0,91.0,174.0,81.0,63.0
1347,149.0,100.0,108.0,91.0,174.0,81.0,63.0
1348,149.0,100.0,108.0,91.0,174.0,81.0,63.0
1349,149.0,100.0,108.0,91.0,174.0,81.0,63.0
1350,149.0,100.0,108.0,91.0,174.0,81.0,63.0
1351,149.0,100.0,108.0,91.0,174.0,81.0,63.0
1352,149.0,100.0,108.0,91.0,174.0,81.0,63.0
1353,149.0,100.0,108.0,91.0,174.0,81.0,63.0
1354,149.0,100.0,108.0,91.0,174.0,81.0,63.0
1355,149.0,100.0,108.0,91.0,174.0,81.0,63.0
1356,149.0,100.0,108.0,91.0,174.0,81.0,63.0
1357,149.0,100.0,108.0,91.0,174.0,81.0,63.0
1358,149.0,100.0,108.0,91.0,174.0,81.0,63.0
1359,149.0,100.0,108.0,91.0,174.0,81.0,63.0
1360,149.0,100.0,108.0,91.0,174.0,81.0,63.0
1361,149.0,100.0,108.0,91.0,174.0,81.0,63.0
1362,149.0,100.0,108.0,91.0,174.0,81.0,63.0
1363,149.0,100.0,108.0,91.0,174.0,81.0,63.0
1364,149.0,100.0,108.0,91.0,174.0,81.0,63.0
1365,149.0,100.0,108.0,91.0,174.0,81.0,63.0
1366,149.0,100.0,108.0,91.0,174.0,81.0,63.0
1367,149.0,100.0,108.0,91.0,174.0,81.0,63.0
1368,149.0,100.0,108.0,91.0,174.0,81.0,63.0
1369,149.0,100.0,108.0,91.0,174.0,81.0,63.0
1370,149.0,100.0,108.0,91.0,174.0,81.0,63.0
1371,149.0,100.0,108.0,91.0,174.0,81.0,63.0
1372,149.0,100.0,108.0,91.0,174.0,81.0,63.0
1373,149.0,100.0,108.0,91.0,174.0,81.0,63.0
1374,149.0,100.0,108.0,91.0,174.0,81.0,63.0
1375,149.0,100.0,108.0,91.0,174.0,81.0,63.0
1376,149.0,100.0,108.0,91.0,174.0,81.0,63.0
1377,149.0,100.0,108.0,91.0,174.0,81.0,63.0
1378,149.0,100.0,108.0,91.0,174.0,81.0,63.0
1379,149.0,100.0,108.0,91.0,174.0,81.0,63.0
1380,149.0,100.0,108.0,91.0,174.0,81.0,63.0
1381,149.0,100.0,108.0,91.0,174.0,81.0,63.0
1382,149.0,100.0,108.0,91.0,174.0,81.0,63.0
1383,149.0,100.0,108.0,91.0,174.0,81.0,63.0
